pdb_code,Helix_Start,Helix_End,Kink_Position,Kink_Angle,sequence
3ahyA,56,68,61,12.147,RTAEDIALLKSLG
3ahyA,94,106,100,2.873,AGIDHYVKFVDDL
3ahyA,139,151,143,5.637,FPLDFENYARVMF
3ahyA,193,205,200,4.561,GHNILVAHGRAVK
3ahyA,242,254,248,55.619,AAERRLEFFTAWF
3ahyA,345,357,349,8.748,AGFRDFLVWISKR
3ahyA,386,398,392,2.916,DDFRVKYYNEYIR
3ahyA,450,462,455,15.423,KSAKSLKPLFDEL
3ahyA,390,402,396,4.044,VKYYNEYIRAMVT
3ahyB,56,68,61,12.336,RTAEDIALLKSLG
3ahyB,94,106,101,3.815,AGIDHYVKFVDDL
3ahyB,139,151,144,5.797,FPLDFENYARVMF
3ahyB,193,205,200,6.229,GHNILVAHGRAVK
3ahyB,242,254,248,45.994,AAERRLEFFTAWF
3ahyB,345,357,350,6.095,AGFRDFLVWISKR
3ahyB,386,398,392,3.128,DDFRVKYYNEYIR
3ahyB,450,462,455,15.138,KSAKSLKPLFDEL
3ahyB,390,402,397,4.264,VKYYNEYIRAMVT
3ahyC,56,68,64,19.336,RTAEDIALLKSLG
3ahyC,94,106,101,3.413,AGIDHYVKFVDDL
3ahyC,139,151,144,4.301,FPLDFENYARVMF
3ahyC,193,205,200,4.159,GHNILVAHGRAVK
3ahyC,242,254,248,56.356,AAERRLEFFTAWF
3ahyC,345,357,353,8.525,AGFRDFLVWISKR
3ahyC,386,398,392,4.712,DDFRVKYYNEYIR
3ahyC,450,462,455,17.416,KSAKSLKPLFDEL
3ahyC,390,402,397,2.944,VKYYNEYIRAMVT
3ahyD,56,68,64,12.139,RTAEDIALLKSLG
3ahyD,94,106,102,3.259,AGIDHYVKFVDDL
3ahyD,139,151,144,6.896,FPLDFENYARVMF
3ahyD,193,205,200,4.619,GHNILVAHGRAVK
3ahyD,242,254,248,43.702,AAERRLEFFTAWF
3ahyD,345,357,350,7.412,AGFRDFLVWISKR
3ahyD,386,398,392,2.687,DDFRVKYYNEYIR
3ahyD,450,462,455,16.936,KSAKSLKPLFDEL
3ahyD,390,402,397,3.769,VKYYNEYIRAMVT
