pdb_code,Helix_Start,Helix_End,Kink_Position,Kink_Start,Kink_End,Kink_Angle,sequence,n_radius,n_rmsd,c_radius,c_rmsd,Estimated_Error
1yagA,79,91,87,81,93,5.462,DMEKIWHHTFYNE,1.862,0.297,1.926,0.350,6.550
1yagA,113,125,121,115,127,11.790,NREKMTQIMFETF,1.911,0.295,2.021,0.376,6.962
1yagA,182,194,189,183,195,8.388,RDLTDYLMKILSE,1.884,0.291,1.951,0.324,5.945
1yagA,203,215,211,205,217,7.130,EREIVRDIKEKLC,1.879,0.318,1.956,0.381,7.413
1yagA,308,320,313,307,319,10.373,PGIAERMQKEITA,1.945,0.293,1.892,0.312,5.745
1yagA,337,349,344,338,350,4.226,SVWIGGSILASLT,1.912,0.295,1.949,0.352,6.540
1yagA,73,85,79,73,85,102.487,HGIVTNWDDMEKI,1.732,0.709,1.862,0.297,10.998
1yagG,79,91,85,79,91,71.943,IFTVQLDDYLNGR,1.914,0.295,1.928,0.701,10.903
1yagG,113,125,120,114,125,62.455,LKYKKGGVASGF,0.898,0.410,1.383,0.529,10.368
1yagG,113,125,120,114,125,62.455,LKYKKGGVASGF,0.898,0.410,1.383,0.529,10.368
1yagG,113,125,120,114,125,62.455,LKYKKGGVASGF,0.898,0.410,1.383,0.529,10.368
1yagG,113,125,120,114,125,62.455,LKYKKGGVASGF,0.898,0.410,1.383,0.529,10.368
1yagG,113,125,120,114,125,62.455,LKYKKGGVASGF,0.898,0.410,1.383,0.529,10.368
1yagG,73,85,80,74,86,11.093,SGAAAIFTVQLDD,1.918,0.301,1.873,0.305,5.756
