pdb_code,Helix_Start,Helix_End,Kink_Position,Kink_Angle,sequence
1a4fA,4,16,11,6.667,AADKTNVKGVFSK
1a4fA,22,34,27,4.244,EEYGAETLERMFT
1a4fA,55,67,59,4.663,IKAHGKKVVAALV
1a4fA,76,88,84,63.064,IAGALSKLSDLHA
1a4fA,98,110,103,2.817,FKFLGHCFLVVVA
1a4fA,121,133,126,5.099,VHASLDKFLCAVG
1a4fA,21,33,27,3.714,AEEYGAETLERMF
1a4fA,57,69,64,7.309,AHGKKVVAALVEA
1a4fA,81,93,87,68.865,SKLSDLHAQKLRV
1a4fA,103,115,110,83.506,HCFLVVVAIHHPS
1a4fA,126,138,134,8.606,DKFLCAVGTVLTA
1a4fB,4,16,12,7.475,SAEEKQLITGLWG
1a4fB,22,34,30,13.630,DCGAEALARLLIV
1a4fB,55,67,61,52.911,LGNPMVRAHGKKV
1a4fB,76,88,81,71.241,KNLDNIKNTFAQL
1a4fB,98,110,103,28.948,VDPENFRLLGDIL
1a4fB,121,133,127,71.868,EFTPDCQAAWQKL
1a4fB,21,33,26,7.843,ADCGAEALARLLI
1a4fB,57,69,64,10.905,NPMVRAHGKKVLT
1a4fB,81,93,89,46.284,IKNTFAQLSELHC
1a4fB,103,115,109,5.595,FRLLGDILIIVLA
1a4fB,126,138,132,2.494,CQAAWQKLVRVVA
