5a89A306,0,0,0,0,0,5.961,5.262,0,0,0,0,0,0
5a89B306,0,0,0,0,0,5.994,5.273,0,0,0,0,0,0
