2h84A2863,0,0,0,0,0,7.780,7.647,0,0,0,0,0,0
2h84B2863,0,0,0,0,0,8.259,7.620,0,0,0,0,0,0
