pdb_code,Helix_Start,Helix_End,Kink_Position,Kink_Start,Kink_End,Kink_Angle,sequence,n_radius,n_rmsd,c_radius,c_rmsd,Estimated_Error
2cfoA,18,30,23,17,29,2.557,IGTARTAVFNWLY,1.851,0.288,1.956,0.296,5.294
2cfoA,51,63,56,50,62,5.665,RPEYTENILEGLQ,1.917,0.309,1.935,0.286,5.537
2cfoA,79,91,84,78,90,7.047,RLDLYRQAIQTLL,1.913,0.300,1.894,0.299,5.620
2cfoA,102,114,107,101,113,1.275,TPEELEALRAEQK,1.941,0.302,1.920,0.299,5.644
2cfoA,191,203,196,190,202,11.050,PLYNLVVVVDDIA,1.950,0.306,2.003,0.363,6.924
2cfoA,216,228,221,215,227,10.631,IGNTPKQILLYEA,1.950,0.296,1.936,0.358,6.665
2cfoA,312,324,316,310,322,12.262,RFDWDKLNWLNRQ,1.946,0.408,1.883,0.322,7.886
2cfoA,329,341,333,327,339,25.262,LEPEEFLAELIPL,1.932,0.303,1.947,0.387,7.274
2cfoA,352,364,356,350,362,11.576,ERDRPWLFDLAQL,1.991,0.359,1.950,0.326,7.187
2cfoA,399,411,407,401,413,6.453,ATILAYLLEHLPA,1.915,0.285,2.035,0.433,7.699
2cfoA,420,432,425,419,431,7.988,VAMGQQLIQQAAK,1.923,0.290,1.950,0.306,5.534
2cfoA,437,449,445,439,451,14.271,ATMRTLRAALTGA,1.946,0.303,2.056,0.471,8.491
2cfoA,471,483,475,469,481,3.334,WDEPRLAAALKQA,1.927,0.299,1.940,0.316,5.934
2cfoA,470,482,475,469,481,4.110,WDEPRLAAALKQA,1.927,0.299,1.934,0.316,5.929
2cfoB,18,30,24,18,30,2.489,GTARTAVFNWLYA,1.873,0.289,1.955,0.295,5.306
2cfoB,51,63,56,50,62,5.780,RPEYTENILEGLQ,1.877,0.297,1.918,0.289,5.339
2cfoB,79,91,84,78,90,7.460,RLDLYRQAIQTLL,1.920,0.327,1.853,0.293,6.020
2cfoB,102,114,107,101,113,1.102,TPEELEALRAEQK,1.909,0.315,1.917,0.317,6.261
2cfoB,191,203,195,189,201,8.333,YPLYNLVVVVDDI,1.992,0.404,1.967,0.326,7.889
2cfoB,216,228,221,215,227,10.768,IGNTPKQILLYEA,1.798,0.437,1.896,0.309,8.115
2cfoB,312,324,317,311,323,11.689,FDWDKLNWLNRQY,1.933,0.287,1.924,0.289,5.117
2cfoB,329,341,333,327,339,27.127,LEPEEFLAELIPL,1.906,0.285,1.877,0.382,6.883
2cfoB,352,364,356,350,362,10.309,ERDRPWLFDLAQL,1.986,0.311,1.927,0.314,6.133
2cfoB,399,411,406,400,412,7.623,SATILAYLLEHLP,1.925,0.270,1.993,0.391,6.791
2cfoB,420,432,424,418,430,7.238,TVAMGQQLIQQAA,1.942,0.288,1.937,0.277,4.875
2cfoB,437,449,445,439,451,17.476,ATMRTLRAALTGA,1.922,0.303,2.059,0.427,7.880
2cfoB,471,483,478,472,484,8.473,PRLAAALKQAQTT,1.947,0.301,1.916,0.344,6.496
2cfoB,470,482,474,468,480,9.009,GWDEPRLAAALKQ,1.980,0.310,1.911,0.348,6.728
