pdb_code,Helix_Start,Helix_End,Kink_Position,Kink_Angle,sequence
5ux1A,43,55,49,12.970,MEVLIDHAHCERK
5ux1A,79,91,86,2.376,PLAREELEHFEQV
5ux1A,131,143,138,5.423,LVAGLIEARSHER
5ux1A,160,172,167,27.200,YSDLLASEARHFG
5ux1A,186,198,191,17.731,LIVERLEVLALAE
5ux1B,43,55,49,13.422,MEVLIDHAHCERK
5ux1B,79,91,86,3.792,PLAREELEHFEQV
5ux1B,131,143,138,4.742,LVAGLIEARSHER
5ux1B,160,172,167,25.400,YSDLLASEARHFG
5ux1B,186,198,191,19.142,LIVERLEVLALAE
5ux1C,43,55,49,14.585,MEVLIDHAHCERK
5ux1C,79,91,86,4.177,PLAREELEHFEQV
5ux1C,131,143,138,6.004,LVAGLIEARSHER
5ux1C,160,172,167,29.172,YSDLLASEARHFG
5ux1C,186,198,191,15.894,LIVERLEVLALAE
5ux1D,43,55,49,13.559,MEVLIDHAHCERK
5ux1D,79,91,86,4.013,PLAREELEHFEQV
5ux1D,131,143,138,5.468,LVAGLIEARSHER
5ux1D,160,172,167,30.069,YSDLLASEARHFG
5ux1D,186,198,191,18.629,LIVERLEVLALAE
